2018-06-30 00:03:31    7.124    6.449    5.743    6.550    5.810    7.083    6.692

2018-06-30 00:03:36    7.122    6.445    5.741    6.548    5.815    7.077    6.687

2018-06-30 00:03:42    7.122    6.452    5.742    6.546    5.809    7.076    6.690

2018-06-30 00:03:47    7.128    6.452    5.741    6.554    5.816    7.080    6.687

2018-06-30 00:04:09    7.126    6.448    5.742    6.543    5.815    7.077    6.683

2018-06-30 00:04:15    7.128    6.453    5.742    6.541    5.813    7.081    6.682

2018-06-30 00:04:20    7.129    6.450    5.742    6.547    5.819    7.079    6.682

2018-06-30 00:04:26    7.119    6.452    5.743    6.551    5.813    7.077    6.685

2018-06-30 00:04:32    7.126    6.454    5.744    6.547    5.817    7.075    6.680

2018-06-30 00:04:37    7.126    6.450    5.743    6.552    5.825    7.075    6.693

2018-06-30 00:04:43    7.122    6.451    5.741    6.542    5.811    7.079    6.693

2018-06-30 00:04:48    7.120    6.452    5.745    6.545    5.815    7.074    6.691

2018-06-30 00:04:54    7.126    6.458    5.741    6.542    5.815    7.081    6.690

2018-06-30 00:04:59    7.127    6.453    5.740    6.545    5.813    7.076    6.687

2018-06-30 00:05:05    7.129    6.451    5.742    6.542    5.827    7.076    6.683

2018-06-30 00:05:10    7.126    6.453    5.742    6.540    5.829    7.080    6.688

2018-06-30 00:05:16    7.123    6.452    5.740    6.549    5.817    7.077    6.690

2018-06-30 00:05:22    7.127    6.457    5.739    6.552    5.821    7.069    6.690

2018-06-30 00:05:27    7.120    6.449    5.743    6.553    5.817    7.073    6.687

2018-06-30 00:05:33    7.130    6.454    5.743    6.543    5.819    7.076    6.687

2018-06-30 00:05:38    9.005    10.000    7.048    8.341    10.000    10.000    9.742

2018-06-30 00:05:44    9.007    10.000    7.047    8.335    10.000    10.000    9.741

2018-06-30 00:05:49    7.116    6.451    5.743    6.539    5.818    7.074    6.687

2018-06-30 00:05:55    7.126    6.451    5.740    6.548    5.822    7.078    6.692

2018-06-30 00:06:00    7.124    6.456    5.743    6.545    5.813    7.072    6.685

2018-06-30 00:06:06    7.118    6.454    5.743    6.535    5.824    7.072    6.685

2018-06-30 00:06:12    7.118    6.450    5.743    6.547    5.818    7.074    6.684

2018-06-30 00:06:17    7.127    6.448    5.743    6.551    5.820    7.074    6.684

2018-06-30 00:06:23    7.118    6.452    5.742    6.557    5.809    7.072    6.684

2018-06-30 00:06:28    7.117    6.450    5.741    6.549    5.811    7.079    6.678

2018-06-30 00:06:34    7.112    6.448    5.739    6.550    5.805    7.074    6.684

2018-06-30 00:06:39    7.117    6.449    5.741    6.547    5.807    7.071    6.681

2018-06-30 00:06:45    7.119    6.451    5.742    6.538    5.819    7.071    6.684

2018-06-30 00:06:50    7.121    6.452    5.738    6.545    5.821    7.069    6.678

2018-06-30 00:06:56    7.115    6.449    5.739    6.551    5.824    7.072    6.684

2018-06-30 00:07:01    7.121    6.450    5.738    6.538    5.819    7.063    6.691

2018-06-30 00:07:07    7.121    6.450    5.738    6.556    5.812    7.071    6.689

2018-06-30 00:07:12    7.123    6.452    5.741    6.542    5.806    7.072    6.693

2018-06-30 00:07:18    7.114    6.456    5.739    6.531    5.823    7.068    6.692

2018-06-30 00:07:23    7.124    6.451    5.738    6.546    5.817    7.071    6.688

2018-06-30 00:07:29    7.120    6.451    5.741    6.549    5.821    7.071    6.681

2018-06-30 00:07:34    7.111    6.449    5.738    6.537    5.816    7.070    6.685

2018-06-30 00:07:40    7.118    6.447    5.739    6.548    5.810    7.067    6.681

2018-06-30 00:07:45    7.118    6.446    5.739    6.536    5.824    7.070    6.685

2018-06-30 00:07:51    7.115    6.444    5.740    6.531    5.812    7.065    6.680

2018-06-30 00:07:56    7.112    6.445    5.739    6.537    5.813    7.068    6.677

2018-06-30 00:08:02    7.119    6.449    5.741    6.542    5.813    7.063    6.681

2018-06-30 00:08:07    7.117    6.446    5.740    6.543    5.819    7.066    6.689

2018-06-30 00:08:13    7.117    6.450    5.741    6.531    5.802    7.065    6.691

2018-06-30 00:08:18    7.115    6.444    5.741    6.542    5.803    7.070    6.688

2018-06-30 00:08:24    7.117    6.446    5.741    6.537    5.804    7.071    6.680

2018-06-30 00:08:29    7.121    6.448    5.741    6.532    5.810    7.066    6.685

2018-06-30 00:08:35    7.121    6.442    5.740    6.531    5.811    7.062    6.685

2018-06-30 00:08:40    7.122    6.447    5.741    6.539    5.807    7.068    6.681

2018-06-30 00:08:46    7.116    6.446    5.741    6.536    5.813    7.065    6.682

2018-06-30 00:08:51    7.112    6.445    5.741    6.530    5.808    7.068    6.680

2018-06-30 00:08:57    7.111    6.441    5.740    6.529    5.815    7.064    6.686

2018-06-30 00:09:02    7.115    6.445    5.740    6.535    5.803    7.071    6.676

2018-06-30 00:09:08    7.123    6.442    5.739    6.549    5.811    7.068    6.679

2018-06-30 00:09:13    7.111    6.444    5.740    6.539    5.809    7.060    6.677

2018-06-30 00:09:19    7.115    6.444    5.741    6.529    5.798    7.066    6.680

2018-06-30 00:09:24    7.111    6.447    5.738    6.539    5.816    7.064    6.677

2018-06-30 00:09:30    7.117    6.444    5.739    6.533    5.810    7.064    6.687

2018-06-30 00:09:35    7.116    6.446    5.740    6.540    5.803    7.064    6.681

2018-06-30 00:09:41    7.115    6.448    5.738    6.534    5.817    7.064    6.681

2018-06-30 00:09:46    7.118    6.443    5.740    6.541    5.806    7.060    6.680

2018-06-30 00:09:52    7.110    6.443    5.739    6.546    5.815    7.064    6.682

2018-06-30 00:09:57    7.108    6.443    5.738    6.533    5.805    7.060    6.683

2018-06-30 00:10:03    7.117    6.441    5.738    6.546    5.811    7.065    6.682

2018-06-30 00:10:08    7.116    6.446    5.739    6.542    5.806    7.062    6.683

2018-06-30 00:10:14    7.114    6.447    5.739    6.534    5.811    7.061    6.677

2018-06-30 00:10:19    7.106    6.445    5.736    6.535    5.808    7.066    6.685

2018-06-30 00:10:25    7.112    6.446    5.738    6.536    5.815    7.064    6.677

2018-06-30 00:10:30    7.113    6.444    5.741    6.539    5.813    7.062    6.677

2018-06-30 00:10:36    7.112    6.447    5.738    6.545    5.806    7.065    6.682

2018-06-30 00:10:41    7.107    6.443    5.737    6.532    5.810    7.067    6.682

2018-06-30 00:10:47    7.112    6.448    5.738    6.533    5.811    7.068    6.677

2018-06-30 00:10:52    7.115    6.445    5.739    6.538    5.806    7.062    6.681

2018-06-30 00:10:58    7.112    6.447    5.738    6.537    5.821    7.060    6.691

2018-06-30 00:11:03    7.114    6.446    5.739    6.539    5.815    7.064    6.690

2018-06-30 00:11:09    7.116    6.446    5.738    6.529    5.818    7.067    6.689

2018-06-30 00:11:14    7.116    6.444    5.737    6.546    5.806    7.065    6.689

2018-06-30 00:11:20    7.113    6.447    5.738    6.528    5.813    7.063    6.686

2018-06-30 00:11:26    7.107    6.450    5.738    6.534    5.805    7.072    6.681

2018-06-30 00:11:31    7.113    6.448    5.738    6.533    5.812    7.062    6.684

2018-06-30 00:11:37    7.113    6.446    5.739    6.539    5.806    7.068    6.681

2018-06-30 00:11:42    7.104    6.444    5.738    6.532    5.811    7.066    6.681

2018-06-30 00:11:48    7.107    6.447    5.738    6.530    5.807    7.067    6.678

2018-06-30 00:11:53    7.109    6.447    5.739    6.537    5.812    7.062    6.687

2018-06-30 00:11:59    7.104    6.446    5.738    6.527    5.815    7.070    6.690

2018-06-30 00:12:04    7.112    6.449    5.738    6.535    5.797    7.063    6.682

2018-06-30 00:12:10    7.118    6.452    5.738    6.539    5.815    7.071    6.686

2018-06-30 00:12:15    7.109    6.448    5.739    6.539    5.806    7.069    6.679

2018-06-30 00:12:21    7.108    6.450    5.738    6.546    5.815    7.068    6.680

2018-06-30 00:12:26    7.109    6.450    5.738    6.540    5.808    7.066    6.680

2018-06-30 00:12:32    7.106    6.449    5.741    6.533    5.824    7.070    6.686

2018-06-30 00:12:37    7.113    6.446    5.740    6.530    5.823    7.068    6.679

2018-06-30 00:12:43    7.115    6.448    5.741    6.543    5.801    7.071    6.681

2018-06-30 00:12:48    7.108    6.449    5.738    6.533    5.820    7.065    6.682

2018-06-30 00:12:54    7.119    6.449    5.740    6.540    5.810    7.067    6.692

2018-06-30 00:12:59    7.115    6.449    5.738    6.539    5.810    7.074    6.689

2018-06-30 00:13:05    7.112    6.455    5.741    6.532    5.813    7.068    6.695

2018-06-30 00:13:10    7.109    6.447    5.740    6.534    5.806    7.074    6.688

2018-06-30 00:13:16    7.117    6.448    5.739    6.540    5.810    7.066    6.682

2018-06-30 00:13:21    7.110    6.450    5.740    6.540    5.804    7.064    6.683

2018-06-30 00:13:27    7.107    6.449    5.740    6.536    5.811    7.062    6.681

2018-06-30 00:13:32    7.105    6.449    5.739    6.535    5.817    7.068    6.679

2018-06-30 00:13:38    7.107    6.446    5.741    6.519    5.812    7.073    6.681

2018-06-30 00:13:43    7.100    6.448    5.741    6.548    5.817    7.065    6.680

2018-06-30 00:13:49    7.115    6.447    5.741    6.535    5.799    7.065    6.677

2018-06-30 00:13:54    7.104    6.446    5.741    6.532    5.806    7.064    6.679

2018-06-30 00:14:00    7.100    6.448    5.740    6.533    5.823    7.066    6.679

2018-06-30 00:14:05    7.110    6.451    5.740    6.528    5.806    7.070    6.678

2018-06-30 00:14:11    7.112    6.446    5.741    6.531    5.813    7.070    6.685

2018-06-30 00:14:16    7.103    6.453    5.742    6.540    5.813    7.072    6.691

2018-06-30 00:14:22    7.105    6.445    5.739    6.532    5.811    7.065    6.681

2018-06-30 00:14:27    7.107    6.450    5.739    6.537    5.819    7.061    6.683

2018-06-30 00:14:33    7.106    6.453    5.740    6.541    5.813    7.062    6.683

2018-06-30 00:14:38    7.103    6.451    5.740    6.538    5.816    7.057    6.681

2018-06-30 00:14:44    7.105    6.446    5.740    6.534    5.805    7.058    6.680

2018-06-30 00:14:49    7.103    6.449    5.743    6.533    5.817    7.062    6.684

2018-06-30 00:14:55    7.104    6.451    5.740    6.532    5.817    7.053    6.681

2018-06-30 00:15:00    7.101    6.456    5.740    6.534    5.820    7.055    6.684

2018-06-30 00:15:06    7.106    6.453    5.736    6.530    5.819    7.054    6.679

2018-06-30 00:15:11    7.104    6.448    5.737    6.522    5.803    7.057    6.675

2018-06-30 00:15:17    7.104    6.443    5.739    6.518    5.815    7.052    6.684

2018-06-30 00:15:22    7.101    6.449    5.739    6.533    5.813    7.057    6.679

2018-06-30 00:15:28    7.101    6.449    5.738    6.541    5.825    7.050    6.681

2018-06-30 00:15:33    7.094    6.448    5.738    6.533    5.810    7.053    6.681

2018-06-30 00:15:39    7.107    6.450    5.737    6.528    5.813    7.056    6.683

2018-06-30 00:15:44    7.105    6.454    5.740    6.524    5.810    7.042    6.686

2018-06-30 00:15:50    7.097    6.457    5.738    6.539    5.813    7.042    6.681

2018-06-30 00:15:55    7.100    6.461    5.738    6.538    5.821    7.039    6.680

2018-06-30 00:16:01    7.110    6.456    5.738    6.530    5.816    7.046    6.679

2018-06-30 00:16:06    7.093    6.455    5.737    6.531    5.818    7.043    6.687

2018-06-30 00:16:12    7.096    6.457    5.735    6.517    5.808    7.046    6.680

2018-06-30 00:16:18    7.101    6.459    5.735    6.525    5.817    7.044    6.674

2018-06-30 00:16:23    7.098    6.458    5.736    6.536    5.820    7.047    6.670

2018-06-30 00:16:28    7.104    6.463    5.737    6.532    5.810    7.043    6.676

2018-06-30 00:16:34    7.092    6.461    5.738    6.529    5.808    7.045    6.671

2018-06-30 00:16:40    7.096    6.456    5.736    6.532    5.819    7.038    6.671

2018-06-30 00:16:45    7.094    6.456    5.738    6.529    5.821    7.042    6.665

2018-06-30 00:16:51    7.099    6.446    5.735    6.535    5.809    7.047    6.672

2018-06-30 00:16:56    7.097    6.449    5.733    6.521    5.823    7.035    6.670

2018-06-30 00:17:02    7.096    6.490    5.736    6.517    5.820    7.040    6.681

2018-06-30 00:17:07    7.099    6.449    5.735    6.528    5.822    7.041    6.679

2018-06-30 00:17:13    7.094    6.447    5.735    6.514    5.824    7.043    6.673

2018-06-30 00:17:18    7.082    6.450    5.735    6.527    5.818    7.038    6.665

2018-06-30 00:17:24    7.085    6.449    5.734    6.529    5.803    7.039    6.671

2018-06-30 00:17:29    7.094    6.446    5.732    6.510    5.810    7.033    6.677

2018-06-30 00:17:35    7.083    6.446    5.733    6.516    5.827    7.034    6.671

2018-06-30 00:17:40    7.092    6.450    5.733    6.524    5.817    7.035    6.669

2018-06-30 00:17:46    7.083    6.450    5.732    6.522    5.812    7.034    6.666

2018-06-30 00:17:51    7.079    6.447    5.734    6.521    5.811    7.033    6.667

2018-06-30 00:17:57    7.080    6.451    5.732    6.522    5.824    7.034    6.663

2018-06-30 00:18:02    7.088    6.445    5.734    6.522    5.820    7.031    6.667

2018-06-30 00:18:08    7.075    6.445    5.730    6.525    5.826    7.031    6.661

2018-06-30 00:18:13    7.080    6.446    5.732    6.522    5.811    7.022    6.660

2018-06-30 00:18:19    7.073    6.439    5.732    6.521    5.821    7.025    6.662

2018-06-30 00:18:24    7.075    6.449    5.732    6.520    5.818    7.021    6.660

2018-06-30 00:18:30    7.069    6.445    5.730    6.518    5.829    7.024    6.660

2018-06-30 00:18:35    7.062    6.441    5.732    6.519    5.811    7.026    6.655

2018-06-30 00:18:41    7.063    6.446    5.728    6.516    5.813    7.022    6.652

2018-06-30 00:18:46    7.063    6.444    5.732    6.522    5.815    7.018    6.667

2018-06-30 00:18:52    7.060    6.446    5.730    6.520    5.817    7.016    6.657

2018-06-30 00:18:57    7.062    6.445    5.729    6.513    5.811    7.024    6.664

2018-06-30 00:19:03    7.057    6.444    5.727    6.520    5.825    7.017    6.660

2018-06-30 00:19:09    7.058    6.441    5.727    6.516    5.807    7.017    6.659

2018-06-30 00:19:14    7.057    6.445    5.726    6.526    5.820    7.019    6.656

2018-06-30 00:19:20    7.057    6.438    5.725    6.509    5.820    7.014    6.664

2018-06-30 00:23:12    7.017    6.426    5.711    6.491    5.792    6.981    6.616

2018-06-30 00:23:18    7.018    6.425    5.712    6.500    5.793    6.984    6.610

2018-06-30 00:23:23    7.016    6.428    5.712    6.483    5.803    6.979    6.619

2018-06-30 00:23:29    7.012    6.427    5.709    6.493    5.793    6.980    6.623

2018-06-30 00:23:34    7.010    6.429    5.708    6.500    5.783    6.981    6.610

2018-06-30 00:23:40    7.011    6.425    5.709    6.488    5.798    6.986    6.614

2018-06-30 00:23:45    7.014    6.428    5.709    6.489    5.790    6.976    6.612

2018-06-30 00:23:51    7.007    6.426    5.710    6.485    5.784    6.976    6.617

2018-06-30 00:23:56    7.001    6.424    5.711    6.493    5.786    6.983    6.609

2018-06-30 00:24:02    7.007    6.429    5.708    6.487    5.801    6.978    6.605

2018-06-30 00:24:07    7.011    6.427    5.710    6.482    5.788    6.978    6.608

2018-06-30 00:24:13    7.017    6.425    5.710    6.481    5.792    6.975    6.606

2018-06-30 00:24:18    7.001    6.426    5.709    6.478    5.797    6.977    6.604

2018-06-30 00:24:24    7.004    6.426    5.709    6.481    5.795    6.977    6.598

2018-06-30 00:24:29    7.009    6.426    5.708    6.480    5.788    6.977    6.600

2018-06-30 00:24:35    7.002    6.428    5.707    6.471    5.784    6.976    6.602

2018-06-30 00:24:40    7.008    6.429    5.709    6.474    5.795    6.976    6.600

2018-06-30 00:24:46    7.004    6.427    5.709    6.481    5.800    6.972    6.601

2018-06-30 00:24:51    6.996    6.425    5.705    6.476    5.787    6.968    6.595

2018-06-30 00:24:57    6.999    6.420    5.704    6.468    5.788    6.971    6.596

2018-06-30 00:25:02    6.994    6.421    5.707    6.477    5.788    6.973    6.590

2018-06-30 00:25:08    7.007    6.427    5.705    6.481    5.795    6.964    6.592

2018-06-30 00:25:13    6.987    6.426    5.705    6.474    5.787    6.967    6.593

2018-06-30 00:25:19    6.993    6.426    5.704    6.483    5.795    6.970    6.592

2018-06-30 00:25:24    6.995    6.423    5.705    6.475    5.784    6.967    6.597

2018-06-30 00:25:30    6.993    6.422    5.706    6.482    5.788    6.964    6.594

2018-06-30 00:25:35    6.997    6.421    5.704    6.477    5.790    6.960    6.600

2018-06-30 00:25:41    6.992    6.420    5.705    6.467    5.787    6.965    6.593

2018-06-30 00:25:46    6.992    6.416    5.703    6.479    5.786    6.961    6.587

2018-06-30 00:25:52    6.988    6.425    5.703    6.479    5.787    6.963    6.585

2018-06-30 00:25:57    6.987    6.422    5.703    6.473    5.789    6.965    6.585

2018-06-30 00:26:03    6.984    6.424    5.703    6.475    5.779    6.964    6.590

2018-06-30 00:26:08    6.981    6.421    5.703    6.478    5.793    6.961    6.583

2018-06-30 00:26:14    6.980    6.423    5.703    6.475    5.783    6.964    6.579

2018-06-30 00:26:19    6.975    6.424    5.699    6.471    5.781    6.960    6.586

2018-06-30 00:26:25    6.982    6.420    5.703    6.466    5.782    6.956    6.588

2018-06-30 00:26:30    6.981    6.422    5.699    6.475    5.800    6.956    6.579

2018-06-30 00:26:36    6.969    6.421    5.700    6.471    5.789    6.956    6.583

2018-06-30 00:26:42    6.974    6.418    5.701    6.469    5.793    6.957    6.581

2018-06-30 00:26:47    6.972    6.418    5.701    6.466    5.781    6.954    6.580

2018-06-30 00:26:53    6.966    6.416    5.701    6.464    5.779    6.957    6.587

2018-06-30 00:26:58    6.961    6.419    5.699    6.457    5.770    6.952    6.574

2018-06-30 00:27:04    6.965    6.418    5.698    6.461    5.779    6.950    6.578

2018-06-30 00:27:10    6.970    6.415    5.698    6.464    5.797    6.955    6.582

2018-06-30 00:27:15    6.973    6.418    5.696    6.456    5.780    6.951    6.584

2018-06-30 00:27:21    6.962    6.419    5.699    6.462    5.779    6.952    6.569

2018-06-30 00:27:26    6.963    6.417    5.696    6.466    5.779    6.955    6.569

2018-06-30 00:27:32    6.957    6.419    5.695    6.457    5.784    6.948    6.571

2018-06-30 00:27:37    6.946    6.419    5.695    6.464    5.779    6.950    6.578

2018-06-30 00:27:43    6.952    6.417    5.695    6.449    5.776    6.946    6.572

2018-06-30 00:27:48    6.945    6.415    5.694    6.456    5.786    6.947    6.574

2018-06-30 00:27:54    6.948    6.417    5.696    6.450    5.768    6.948    6.571

2018-06-30 00:27:59    6.948    6.416    5.693    6.457    5.773    6.939    6.566

2018-06-30 00:28:05    6.936    6.415    5.695    6.439    5.780    6.945    6.562

2018-06-30 00:28:10    6.937    6.413    5.692    6.459    5.777    6.945    6.565

2018-06-30 00:28:16    6.946    6.410    5.694    6.441    5.775    6.942    6.564

2018-06-30 00:28:22    6.942    6.411    5.692    6.452    5.784    6.941    6.563

2018-06-30 00:28:27    6.934    6.411    5.692    6.454    5.769    6.943    6.557

2018-06-30 00:28:33    6.939    6.411    5.692    6.442    5.770    6.942    6.563

2018-06-30 00:28:38    6.938    6.409    5.695    6.445    5.771    6.945    6.570

2018-06-30 00:28:44    6.934    6.404    5.694    6.439    5.770    6.945    6.561

2018-06-30 00:28:49    6.937    6.403    5.692    6.460    5.776    6.942    6.547

2018-06-30 00:28:55    6.937    6.409    5.692    6.448    5.763    6.941    6.552

2018-06-30 00:29:00    6.930    6.442    5.693    6.443    5.766    6.935    6.559

2018-06-30 00:29:06    6.931    6.407    5.690    6.445    5.768    6.937    6.558

2018-06-30 00:29:11    6.937    6.403    5.690    6.441    5.774    6.938    6.544

2018-06-30 00:29:17    6.929    6.403    5.690    6.436    5.773    6.938    6.550

2018-06-30 00:29:22    6.942    6.406    5.691    6.448    5.776    6.942    6.553
