2018-06-30_00:03:31    6.542    6.367    6.227    6.292    9.800    6.146    6.850

2018-06-30_00:03:36    6.539    6.370    6.223    6.289    9.800    6.142    6.848

2018-06-30_00:03:42    6.540    6.374    6.227    6.285    9.793    6.150    6.849

2018-06-30_00:03:47    6.541    6.371    6.227    6.289    9.813    6.146    6.850

2018-06-30_00:04:09    6.540    6.376    6.228    6.294    9.814    6.142    6.850

2018-06-30_00:04:15    6.542    6.367    6.233    6.279    9.829    6.137    6.852

2018-06-30_00:04:20    6.541    6.368    6.228    6.290    9.819    6.147    6.852

2018-06-30_00:04:26    6.541    6.370    6.225    6.288    9.819    6.137    6.850

2018-06-30_00:04:32    6.541    6.371    6.225    6.281    9.818    6.144    6.850

2018-06-30_00:04:37    6.539    6.374    6.227    6.292    9.817    6.139    6.849

2018-06-30_00:04:43    6.542    6.371    6.227    6.288    9.811    6.138    6.852

2018-06-30_00:04:48    6.540    6.377    6.229    6.293    9.814    6.133    6.849

2018-06-30_00:04:54    6.543    6.375    6.227    6.286    9.823    6.131    6.853

2018-06-30_00:04:59    6.537    6.377    6.230    6.290    9.802    6.136    6.849

2018-06-30_00:05:05    6.539    6.378    6.227    6.292    9.809    6.136    6.851

2018-06-30_00:05:10    6.536    6.376    6.229    6.281    9.824    6.141    6.845

2018-06-30_00:05:16    6.537    6.373    6.231    6.287    9.811    6.140    6.845

2018-06-30_00:05:22    6.538    6.374    6.231    6.282    9.820    6.137    6.847

2018-06-30_00:05:27    6.537    6.375    6.225    6.293    9.825    6.138    6.849

2018-06-30_00:05:33    6.536    6.378    6.229    6.289    9.821    6.135    6.848

2018-06-30_00:05:38    8.782    10.000    8.252    7.235    10.000    10.000    9.655

2018-06-30_00:05:44    8.781    10.000    8.252    7.232    10.000    10.000    9.655

2018-06-30_00:05:49    6.539    6.372    6.227    6.275    9.817    6.135    6.846

2018-06-30_00:05:55    6.540    6.366    6.224    6.291    9.805    6.134    6.849

2018-06-30_00:06:00    6.543    6.367    6.224    6.296    9.810    6.140    6.846

2018-06-30_00:06:06    6.538    6.359    6.224    6.281    9.811    6.134    6.844

2018-06-30_00:06:12    6.536    6.357    6.225    6.288    9.813    6.133    6.841

2018-06-30_00:06:17    6.537    6.354    6.227    6.286    9.813    6.138    6.845

2018-06-30_00:06:23    6.535    6.360    6.228    6.291    9.807    6.129    6.841

2018-06-30_00:06:28    6.535    6.359    6.229    6.282    9.814    6.129    6.845

2018-06-30_00:06:34    6.533    6.346    6.229    6.283    9.795    6.133    6.839

2018-06-30_00:06:39    6.535    6.341    6.227    6.283    9.807    6.131    6.841

2018-06-30_00:06:45    6.534    6.347    6.229    6.283    9.804    6.126    6.843

2018-06-30_00:06:50    6.533    6.346    6.223    6.282    9.793    6.130    6.842

2018-06-30_00:06:56    6.533    6.347    6.225    6.284    9.794    6.128    6.841

2018-06-30_00:07:01    6.537    6.348    6.228    6.287    9.792    6.129    6.841

2018-06-30_00:07:07    6.535    6.341    6.227    6.283    9.795    6.128    6.840

2018-06-30_00:07:12    6.534    6.340    6.224    6.276    9.794    6.133    6.840

2018-06-30_00:07:18    6.531    6.341    6.225    6.286    9.800    6.125    6.837

2018-06-30_00:07:23    6.529    6.340    6.225    6.287    9.793    6.120    6.838

2018-06-30_00:07:29    6.533    6.336    6.231    6.283    9.793    6.121    6.838

2018-06-30_00:07:34    6.532    6.334    6.227    6.280    9.787    6.127    6.839

2018-06-30_00:07:40    6.525    6.328    6.228    6.278    9.802    6.121    6.835

2018-06-30_00:07:45    6.528    6.328    6.227    6.284    9.796    6.124    6.832

2018-06-30_00:07:51    6.526    6.332    6.227    6.279    9.799    6.126    6.834

2018-06-30_00:07:56    6.528    6.336    6.228    6.274    9.802    6.131    6.836

2018-06-30_00:08:02    6.525    6.335    6.224    6.279    9.803    6.128    6.837

2018-06-30_00:08:07    6.526    6.330    6.225    6.273    9.788    6.130    6.838

2018-06-30_00:08:13    6.524    6.329    6.225    6.280    9.788    6.122    6.836

2018-06-30_00:08:18    6.528    6.335    6.223    6.284    9.785    6.125    6.837

2018-06-30_00:08:24    6.527    6.321    6.227    6.279    9.790    6.126    6.838

2018-06-30_00:08:29    6.527    6.334    6.228    6.284    9.769    6.123    6.840

2018-06-30_00:08:35    6.529    6.327    6.227    6.280    9.788    6.129    6.833

2018-06-30_00:08:40    6.525    6.327    6.228    6.280    9.793    6.122    6.832

2018-06-30_00:08:46    6.527    6.330    6.227    6.267    9.795    6.128    6.835

2018-06-30_00:08:51    6.527    6.331    6.223    6.279    9.781    6.122    6.836

2018-06-30_00:08:57    6.525    6.326    6.227    6.274    9.785    6.125    6.834

2018-06-30_00:09:02    6.528    6.327    6.227    6.277    9.801    6.121    6.833

2018-06-30_00:09:08    6.525    6.330    6.227    6.272    9.792    6.122    6.835

2018-06-30_00:09:13    6.527    6.336    6.222    6.281    9.785    6.123    6.837

2018-06-30_00:09:19    6.526    6.332    6.222    6.276    9.785    6.126    6.837

2018-06-30_00:09:24    6.527    6.334    6.225    6.276    9.784    6.126    6.834

2018-06-30_00:09:30    6.528    6.331    6.224    6.274    9.777    6.122    6.835

2018-06-30_00:09:35    6.527    6.334    6.222    6.284    9.781    6.122    6.837

2018-06-30_00:09:41    6.522    6.332    6.222    6.264    9.786    6.121    6.837

2018-06-30_00:09:46    6.525    6.339    6.224    6.280    9.784    6.120    6.833

2018-06-30_00:09:52    6.522    6.334    6.225    6.279    9.776    6.124    6.834

2018-06-30_00:09:57    6.527    6.331    6.222    6.276    9.781    6.121    6.833

2018-06-30_00:10:03    6.525    6.335    6.222    6.284    9.778    6.129    6.836

2018-06-30_00:10:08    6.527    6.330    6.224    6.275    9.778    6.127    6.834

2018-06-30_00:10:14    6.528    6.332    6.225    6.273    9.785    6.127    6.834

2018-06-30_00:10:19    6.523    6.324    6.221    6.281    9.795    6.121    6.833

2018-06-30_00:10:25    6.521    6.322    6.222    6.278    9.789    6.124    6.838

2018-06-30_00:10:30    6.525    6.327    6.223    6.274    9.799    6.126    6.833

2018-06-30_00:10:36    6.520    6.324    6.222    6.278    9.789    6.127    6.839

2018-06-30_00:10:41    6.523    6.330    6.223    6.274    9.787    6.122    6.833

2018-06-30_00:10:47    6.526    6.330    6.218    6.276    9.788    6.129    6.837

2018-06-30_00:10:52    6.522    6.328    6.221    6.274    9.782    6.133    6.836

2018-06-30_00:10:58    6.522    6.339    6.222    6.280    9.782    6.130    6.836

2018-06-30_00:11:03    6.525    6.329    6.217    6.274    9.788    6.127    6.836

2018-06-30_00:11:09    6.527    6.327    6.218    6.280    9.777    6.124    6.836

2018-06-30_00:11:14    6.525    6.330    6.220    6.270    9.777    6.126    6.833

2018-06-30_00:11:20    6.525    6.327    6.221    6.276    9.781    6.125    6.837

2018-06-30_00:11:26    6.523    6.331    6.219    6.283    9.776    6.124    6.836

2018-06-30_00:11:31    6.524    6.324    6.225    6.277    9.775    6.124    6.835

2018-06-30_00:11:37    6.529    6.326    6.222    6.282    9.783    6.126    6.834

2018-06-30_00:11:42    6.523    6.336    6.225    6.271    9.772    6.121    6.836

2018-06-30_00:11:48    6.521    6.329    6.224    6.274    9.788    6.123    6.834

2018-06-30_00:11:53    6.524    6.334    6.223    6.267    9.783    6.128    6.839

2018-06-30_00:11:59    6.524    6.334    6.223    6.278    9.786    6.126    6.834

2018-06-30_00:12:04    6.522    6.326    6.224    6.274    9.780    6.125    6.835

2018-06-30_00:12:10    6.525    6.335    6.225    6.275    9.774    6.121    6.838

2018-06-30_00:12:15    6.523    6.326    6.223    6.272    9.779    6.118    6.839

2018-06-30_00:12:21    6.526    6.328    6.221    6.288    9.780    6.120    6.836

2018-06-30_00:12:26    6.523    6.327    6.227    6.280    9.787    6.117    6.832

2018-06-30_00:12:32    6.525    6.329    6.225    6.270    9.792    6.118    6.833

2018-06-30_00:12:37    6.525    6.332    6.227    6.277    9.787    6.116    6.836

2018-06-30_00:12:43    6.527    6.340    6.227    6.287    9.787    6.129    6.834

2018-06-30_00:12:48    6.524    6.331    6.222    6.270    9.782    6.125    6.831

2018-06-30_00:12:54    6.523    6.335    6.221    6.282    9.787    6.127    6.829

2018-06-30_00:12:59    6.518    6.327    6.227    6.282    9.774    6.125    6.834

2018-06-30_00:13:05    6.524    6.323    6.223    6.276    9.784    6.130    6.834

2018-06-30_00:13:10    6.523    6.327    6.227    6.266    9.783    6.131    6.829

2018-06-30_00:13:16    6.522    6.322    6.227    6.275    9.778    6.124    6.829

2018-06-30_00:13:21    6.524    6.324    6.227    6.284    9.785    6.122    6.831

2018-06-30_00:13:27    6.523    6.325    6.232    6.278    9.784    6.120    6.833

2018-06-30_00:13:32    6.527    6.327    6.228    6.272    9.777    6.124    6.833

2018-06-30_00:13:38    6.524    6.329    6.227    6.276    9.789    6.126    6.833

2018-06-30_00:13:43    6.523    6.323    6.227    6.275    9.770    6.122    6.829

2018-06-30_00:13:49    6.521    6.330    6.221    6.274    9.782    6.121    6.833

2018-06-30_00:13:54    6.523    6.327    6.224    6.276    9.770    6.127    6.829

2018-06-30_00:14:00    6.518    6.328    6.227    6.273    9.767    6.122    6.825

2018-06-30_00:14:05    6.520    6.333    6.227    6.277    9.765    6.124    6.827

2018-06-30_00:14:11    6.522    6.339    6.223    6.272    9.771    6.122    6.826

2018-06-30_00:14:16    6.520    6.343    6.223    6.280    9.767    6.117    6.827

2018-06-30_00:14:22    6.522    6.354    6.227    6.277    9.779    6.115    6.827

2018-06-30_00:14:27    6.519    6.352    6.227    6.277    9.768    6.115    6.822

2018-06-30_00:14:33    6.523    6.348    6.227    6.273    9.773    6.120    6.826

2018-06-30_00:14:38    6.521    6.349    6.225    6.279    9.769    6.117    6.825

2018-06-30_00:14:44    6.521    6.357    6.228    6.278    9.775    6.115    6.824

2018-06-30_00:14:49    6.522    6.363    6.229    6.277    9.761    6.111    6.820

2018-06-30_00:14:55    6.521    6.361    6.227    6.272    9.764    6.115    6.819

2018-06-30_00:15:00    6.517    6.367    6.227    6.279    9.767    6.116    6.821

2018-06-30_00:15:06    6.518    6.362    6.228    6.270    9.774    6.113    6.822

2018-06-30_00:15:11    6.518    6.361    6.228    6.272    9.767    6.115    6.821

2018-06-30_00:15:17    6.518    6.364    6.227    6.273    9.775    6.112    6.822

2018-06-30_00:15:22    6.516    6.367    6.221    6.279    9.767    6.108    6.818

2018-06-30_00:15:28    6.518    6.368    6.227    6.275    9.763    6.116    6.818

2018-06-30_00:15:33    6.514    6.364    6.227    6.265    9.746    6.108    6.819

2018-06-30_00:15:39    6.516    6.370    6.222    6.275    9.759    6.108    6.817

2018-06-30_00:15:44    6.518    6.373    6.223    6.269    9.766    6.115    6.813

2018-06-30_00:15:50    6.512    6.364    6.228    6.266    9.762    6.112    6.815

2018-06-30_00:15:55    6.513    6.378    6.225    6.273    9.765    6.112    6.814

2018-06-30_00:16:01    6.515    6.374    6.227    6.269    9.754    6.113    6.814

2018-06-30_00:16:06    6.513    6.374    6.228    6.269    9.749    6.117    6.813

2018-06-30_00:16:12    6.512    6.373    6.225    6.268    9.754    6.111    6.812

2018-06-30_00:16:18    6.510    6.371    6.227    6.272    9.754    6.115    6.811

2018-06-30_00:16:23    6.510    6.366    6.228    6.273    9.742    6.108    6.816

2018-06-30_00:16:28    6.514    6.372    6.229    6.273    9.753    6.110    6.811

2018-06-30_00:16:34    6.508    6.366    6.225    6.269    9.765    6.106    6.809

2018-06-30_00:16:40    6.511    6.370    6.224    6.268    9.756    6.109    6.810

2018-06-30_00:16:45    6.508    6.368    6.230    6.269    9.753    6.110    6.811

2018-06-30_00:16:51    6.511    6.374    6.229    6.274    9.752    6.107    6.810

2018-06-30_00:16:56    6.514    6.369    6.227    6.266    9.766    6.099    6.805

2018-06-30_00:17:02    6.510    6.371    6.227    6.267    9.743    6.105    6.806

2018-06-30_00:17:07    6.506    6.363    6.222    6.270    9.750    6.102    6.807

2018-06-30_00:17:13    6.507    6.369    6.231    6.265    9.741    6.106    6.806

2018-06-30_00:17:18    6.507    6.378    6.225    6.267    9.735    6.105    6.804

2018-06-30_00:17:24    6.506    6.366    6.227    6.261    9.750    6.102    6.806

2018-06-30_00:17:29    6.508    6.368    6.225    6.262    9.756    6.096    6.800

2018-06-30_00:17:35    6.505    6.371    6.229    6.263    9.745    6.101    6.801

2018-06-30_00:17:40    6.507    6.371    6.225    6.261    9.748    6.101    6.804

2018-06-30_00:17:46    6.504    6.369    6.223    6.263    9.740    6.092    6.803

2018-06-30_00:17:51    6.505    6.377    6.225    6.268    9.746    6.095    6.794

2018-06-30_00:17:57    6.505    6.366    6.222    6.257    9.734    6.096    6.798

2018-06-30_00:18:02    6.503    6.372    6.227    6.264    9.731    6.100    6.798

2018-06-30_00:18:08    6.502    6.370    6.224    6.265    9.741    6.097    6.796

2018-06-30_00:18:13    6.499    6.367    6.224    6.269    9.731    6.088    6.796

2018-06-30_00:18:19    6.502    6.373    6.222    6.267    9.728    6.096    6.795

2018-06-30_00:18:24    6.502    6.371    6.223    6.256    9.728    6.099    6.789

2018-06-30_00:18:30    6.499    6.378    6.220    6.262    9.726    6.094    6.784

2018-06-30_00:18:35    6.500    6.366    6.224    6.261    9.714    6.092    6.786

2018-06-30_00:18:41    6.495    6.375    6.221    6.257    9.728    6.093    6.784

2018-06-30_00:18:46    6.494    6.372    6.223    6.259    9.738    6.092    6.784

2018-06-30_00:18:52    6.494    6.367    6.222    6.260    9.726    6.093    6.780

2018-06-30_00:18:57    6.494    6.365    6.220    6.254    9.715    6.090    6.780

2018-06-30_00:19:03    6.492    6.373    6.220    6.256    9.730    6.094    6.784

2018-06-30_00:19:09    6.493    6.374    6.223    6.252    9.709    6.092    6.781

2018-06-30_00:19:14    6.492    6.374    6.218    6.250    9.742    6.093    6.778

2018-06-30_00:19:20    6.490    6.369    6.218    6.250    9.715    6.091    6.776

2018-06-30_00:23:12    6.462    6.356    6.203    6.230    9.678    6.053    6.713

2018-06-30_00:23:18    6.463    6.352    6.206    6.235    9.683    6.056    6.711

2018-06-30_00:23:23    6.458    6.358    6.204    6.235    9.671    6.052    6.713

2018-06-30_00:23:29    6.460    6.350    6.207    6.229    9.674    6.056    6.708

2018-06-30_00:23:34    6.460    6.356    6.205    6.227    9.691    6.062    6.708

2018-06-30_00:23:40    6.460    6.352    6.204    6.229    9.679    6.058    6.709

2018-06-30_00:23:45    6.459    6.352    6.204    6.219    9.666    6.056    6.708

2018-06-30_00:23:51    6.459    6.353    6.206    6.225    9.667    6.058    6.710

2018-06-30_00:23:56    6.461    6.359    6.204    6.224    9.667    6.056    6.706

2018-06-30_00:24:02    6.457    6.359    6.207    6.228    9.679    6.057    6.702

2018-06-30_00:24:07    6.453    6.358    6.204    6.227    9.677    6.051    6.703

2018-06-30_00:24:13    6.454    6.358    6.205    6.224    9.684    6.052    6.700

2018-06-30_00:24:18    6.455    6.359    6.200    6.224    9.677    6.047    6.701

2018-06-30_00:24:24    6.454    6.360    6.205    6.222    9.670    6.057    6.697

2018-06-30_00:24:29    6.453    6.358    6.200    6.229    9.670    6.054    6.695

2018-06-30_00:24:35    6.458    6.362    6.204    6.228    9.669    6.051    6.699

2018-06-30_00:24:40    6.456    6.365    6.203    6.222    9.668    6.050    6.693

2018-06-30_00:24:46    6.453    6.354    6.203    6.223    9.663    6.057    6.689

2018-06-30_00:24:51    6.450    6.358    6.203    6.219    9.665    6.053    6.695

2018-06-30_00:24:57    6.453    6.357    6.203    6.223    9.673    6.052    6.693

2018-06-30_00:25:02    6.450    6.352    6.204    6.216    9.666    6.053    6.687

2018-06-30_00:25:08    6.452    6.351    6.204    6.223    9.648    6.051    6.676

2018-06-30_00:25:13    6.450    6.356    6.203    6.227    9.657    6.046    6.680

2018-06-30_00:25:19    6.450    6.354    6.208    6.233    9.658    6.045    6.674

2018-06-30_00:25:24    6.446    6.353    6.206    6.223    9.655    6.051    6.675

2018-06-30_00:25:30    6.444    6.361    6.203    6.218    9.653    6.044    6.671

2018-06-30_00:25:35    6.442    6.355    6.200    6.227    9.667    6.047    6.670

2018-06-30_00:25:41    6.450    6.351    6.199    6.215    9.650    6.044    6.666

2018-06-30_00:25:46    6.447    6.356    6.196    6.227    9.654    6.047    6.664

2018-06-30_00:25:52    6.439    6.349    6.201    6.222    9.642    6.047    6.669

2018-06-30_00:25:57    6.440    6.349    6.200    6.225    9.648    6.042    6.668

2018-06-30_00:26:03    6.445    6.355    6.198    6.223    9.643    6.046    6.671

2018-06-30_00:26:08    6.447    6.348    6.198    6.223    9.645    6.047    6.675

2018-06-30_00:26:14    6.442    6.344    6.197    6.224    9.652    6.046    6.673

2018-06-30_00:26:19    6.439    6.352    6.199    6.218    9.654    6.045    6.675

2018-06-30_00:26:25    6.441    6.348    6.198    6.218    9.642    6.050    6.674

2018-06-30_00:26:30    6.436    6.357    6.198    6.218    9.645    6.046    6.682

2018-06-30_00:26:36    6.439    6.354    6.198    6.221    9.662    6.044    6.683

2018-06-30_00:26:42    6.438    6.346    6.197    6.212    9.647    6.044    6.689

2018-06-30_00:26:47    6.439    6.347    6.193    6.212    9.639    6.043    6.692

2018-06-30_00:26:53    6.436    6.339    6.194    6.221    9.631    6.042    6.691

2018-06-30_00:26:58    6.436    6.346    6.193    6.213    9.620    6.039    6.693

2018-06-30_00:27:04    6.436    6.352    6.194    6.212    9.626    6.038    6.688

2018-06-30_00:27:10    6.437    6.347    6.197    6.215    9.635    6.048    6.690

2018-06-30_00:27:15    6.434    6.346    6.195    6.210    9.632    6.042    6.691

2018-06-30_00:27:21    6.435    6.340    6.196    6.214    9.650    6.037    6.689

2018-06-30_00:27:26    6.433    6.340    6.193    6.209    9.639    6.036    6.688

2018-06-30_00:27:32    6.435    6.337    6.194    6.215    9.640    6.032    6.687

2018-06-30_00:27:37    6.434    6.339    6.190    6.214    9.640    6.027    6.690

2018-06-30_00:27:43    6.429    6.339    6.193    6.214    9.630    6.034    6.683

2018-06-30_00:27:48    6.432    6.339    6.187    6.211    9.633    6.031    6.686

2018-06-30_00:27:54    6.430    6.337    6.189    6.214    9.626    6.033    6.691

2018-06-30_00:27:59    6.431    6.340    6.189    6.206    9.629    6.030    6.687

2018-06-30_00:28:05    6.431    6.335    6.192    6.206    9.632    6.031    6.685

2018-06-30_00:28:10    6.429    6.342    6.194    6.202    9.631    6.032    6.673

2018-06-30_00:28:16    6.432    6.334    6.188    6.202    9.628    6.030    6.678

2018-06-30_00:28:22    6.429    6.336    6.185    6.209    9.624    6.034    6.677

2018-06-30_00:28:27    6.430    6.335    6.189    6.213    9.614    6.028    6.663

2018-06-30_00:28:33    6.427    6.331    6.185    6.204    9.617    6.031    6.663

2018-06-30_00:28:38    6.430    6.339    6.185    6.206    9.622    6.027    6.658

2018-06-30_00:28:44    6.427    6.339    6.186    6.204    9.599    6.029    6.662

2018-06-30_00:28:49    6.423    6.340    6.184    6.208    9.607    6.032    6.657

2018-06-30_00:28:55    6.424    6.344    6.186    6.205    9.616    6.030    6.659

2018-06-30_00:29:00    6.427    6.339    6.189    6.203    9.608    6.023    6.653

2018-06-30_00:29:06    6.425    6.341    6.184    6.204    9.615    6.027    6.649

2018-06-30_00:29:11    6.423    6.342    6.182    6.196    9.600    6.026    6.644

2018-06-30_00:29:17    6.424    6.328    6.186    6.200    9.622    6.027    6.641

2018-06-30_00:29:22    6.423    6.337    6.186    6.200    9.607    6.028    6.645
